00000001001010100100000000100000
00000001001000101110100000100001
00100011101111011111111111111000
00100100010001000000000000000001
00000000010011100001000000100100
00110000010000101111111111111111
00001000000000000000000000000000
00001000000000000000000000000001
00001100000000000000000000000000
00001100000000000000000000000001
00000001010010010000000000011010
00000001010010110000000000011011
00000000100001010000000000011000
00000000101001100000000000011001
00000011110111110001000000100111
00000011111000000000000000001000
00000001000000000000000000001000
00000001100011010101100000100101
00110111111010010000000000000000
00000000000010010100011111000000
00000001011010100100100000000100
00000000000111111111100001000011
00000000011111011111100000000111
00000000000010010100001100000010
00000001011010010100000000000110
00000010111000001000000000100010
00000011011111001101000000100011
00000000011110100001000000100110
00111000000000110000000001111011
00111100000000111111111111111111
00000011100111011111100000101010
00000001001010100100000000101011
00101000011000100001010010001101
00101100011000100001010110010100
00010001000010011111111111111111
00010001000010101111111111111111
00000100010000011111111111011011
00000100011100011111111111111110
00011111010000000000000000000000
00011011011000001111111111111100
00000110100100001111111111100010
00000111111000001111111111111101
00010100010000111111111111111000
00000000010000001101100000001001
00000000010000110000000000110100
00000111111011000000000001111011
00000011010110110000000000110110
00000111100011100000000000000000
00000000010000110000000000110000
00000111110010000000000000000000
00000011110111000000000000110001
00000100010010010000001111100111
00000000010000110000000000110010
00000111110010100000000000000000
00000011110111000000000000110011
00000100010010110000001111100111
10000011101111111111111111110100
10000011101111110000000000000000
10000000011000100000000000001100
10010011101111111111111111110100
10010011101111110000000000000000
10010000011000100000000000001100
10000111101010000001001110001000
10000111101111110000000000000000
10000100011000100000000000001100
10010111100010000001001110001000
10010111110111110000000000000000
10010100010000100000000000001100
10010111100010001110110001111000
10001111110111111111111111111111
10001100010000100000000000011000
10001011110111111111111111111111
10001000010000100000000000011000
10011011110111111111111111111111
10011000010000100000000000011000
11000011110111111111111111111111
11000000010000100000000000011000
10100011101111111111111111110100
10100011101111110000000000000000
10100000011000100000000000001100
10100111101111111111111111110100
10100111101111110000000000000000
10100100011000100000000000001100
10101111101010000001001110001000
10101111101111110000000000000000
10101100011000100000000000001100
10101011100010000001001110001000
10101011110111110000000000000000
10101000010000100000000000001100
10111011100010001110110001111000
10111011110111111111111111111111
10111000010000100000000000011000
11100011110111111111111111111111
11100000010000100000000000011000
11100011110111111111111111111111
00000000000000001111100000010000
00000000000000001110100000010010
00000001000000000000000000010001
00000000010000000000000000010011
